11049
385 925 140 798 508 381 400 542 825 587 384 117 881 105 875 2650 76 424 0
783 145 675 228 858 564 765 416 895 90 806 551 554 205 741 91 637 266 18 109 454 340 255 55 532 0
791 888 327 275 505 828 314 125 495 774 970 946 470 81 505 660 731 892 308 0
792 782 1375 114 613 115 31 705 111 759 67 43 613 950 989 290 903 106 887 241 178 316 0
290 149 534 260 260 71 976 275 861 519 71 285 764 795 751 955 931 788 669 813 0
915 313 531 785 66 979 709 723 1827 325 440 722 895 1819 0
550 503 11 368 905 848 537 781 307 843 410 711 302 103 499 605 69 278 641 555 477 118 564 55 0
949 172 505 157 802 318 167 692 786 933 337 705 767 145 127 984 144 243 191 415 645 406 419 0
173 946 335 71 363 755 1918 349 692 180 160 170 521 851 852 115 1 705 819 271 246 55 483 0
847 911 103 908 694 560 65 2848 992 532 2129 354 0