MAX: 1003
0:	133 29 89 338 120 15 15 263 === 1002
1:	74 475 424 === 973
2:	96 303 290 36 145 57 === 927
3:	262 390 275 26 === 953
4:	295 246 398 === 939
5:	313 309 329 === 951
6:	151 61 143 283 264 47 === 949
7:	364 88 7 87 92 265 97 === 1000
8:	219 151 404 221 === 995
9:	285 28 275 369 === 957
10:	225 420 352 === 997
11:	396 20 468 === 884
12:	126 434 443 === 1003
13:	333 49 418 === 800
14:	460 91 245 119 === 915
15:	113 448 399 === 960
16:	494 297 117 === 908
17:	349 210 164 207 73 === 1003
18:	75 299 215 43 179 190 === 1001
19:	148 368 379 46 === 941
20:	398 119 410 2 === 929
21:	287 195 389 === 871
22:	142 345 149 269 === 905
23:	306 298 3 91 143 154 === 995
24:	418 149 33 375 === 975
25:	174 346 140 331 === 991
26:	490 215 106 164 13 === 988
27:	456 156 361 === 973
28:	500 98 374 === 972
29:	495 441 45 === 981
30:	323 298 327 === 948
31:	392 466 === 858
32:	217 255 499 === 971
33:	248 212 455 === 915
34:	464 251 268 === 983
35:	139 400 453 === 992
36:	195 257 16 60 128 346 === 1002
37:	218 192 349 206 === 965
38:	471 368 143 === 982
39:	260 452 83 51 148 === 994
40:	129 82 199 79 184 319 === 992
41:	467 170 49 314 === 1000
42:	298 193 29 449 === 969
43:	91 473 416 === 980
44:	200 28 434 279 19 === 960
45:	305 182 71 409 === 967
46:	422 50 454 === 926
47:	452 112 426 === 990
48:	398 224 12 262 === 896
49:	484 424 === 908
50:	295 420 279 === 994
