3585
547 419 2 858 781 41 781 0
981 895 16 461 94 241 18 157 681 28 0
878 576 359 576 405 508 0
568 16 82 419 976 334 431 625 0
836 211 403 29 373 590 784 0
502 686 571 686 11 214 17 454 374 0
367 144 1 303 597 380 44 372 614 428 14 200 0
494 871 509 899 670 0
923 271 874 368 943 0
961 701 96 6 478 543 11 606 39 0
193 718 833 7 932 532 357 0
90 420 499 128 45 133 6 813 941 60 0
917 794 92 581 225 777 0
283 945 1 980 908 462 0
820 832 246 779 74 820 0
982 6 45 500 450 1 749 366 41 3 364 0
822 901 2 15 150 204 280 100 907 0
456 557 171 555 140 18 14 23 751 838 0
867 743 478 618 60 439 276 0
762 657 386 98 25 744 10 842 0
300 467 873 185 37 880 260 478 0
311 16 159 91 592 621 480 646 58 23 484 0
168 915 563 833 8 417 373 272 0
846 279 1000 933 527 0
316 971 198 461 99 490 923 16 0