3459
157 462 779 280 98 316 461 901 0
366 923 99 403 781 23 28 833 0
686 18 334 749 822 846 0
214 225 171 547 74 467 478 303 980 0
185 625 144 820 359 419 907 0
794 532 681 133 527 374 417 0
386 971 744 873 484 0
91 563 439 908 367 41 39 915 96 0
590 880 456 718 380 14 405 16 0
11 945 976 44 23 8 820 614 18 0
7 11 762 271 838 867 17 686 0
200 701 260 373 478 311 159 961 16 0
509 982 60 943 461 502 0
592 571 419 357 784 364 372 0
37 204 981 1 6 618 932 82 597 0
895 94 555 420 494 1000 0
3 606 500 781 241 657 670 0
543 283 576 428 871 279 478 0
874 568 508 10 878 621 0
92 490 836 646 576 25 100 300 45 150 198 0
833 193 842 899 272 29 1 16 368 6 0
813 557 276 751 581 480 0
90 373 14 168 923 2 60 933 58 6 832 0
858 917 246 450 211 777 0
15 16 45 743 941 140 128 2 1 454 431 499 41 0