9793
35 93 412 237 801 297 974 1 818 61 19 390 453 690 217 769 13 304 134 753 699 64 989 413 0
409 713 324 336 959 689 691 204 705 295 33 516 360 646 977 318 752 797 0
261 985 524 693 614 987 323 694 838 545 109 230 644 60 253 990 66 434 531 0
894 710 42 320 388 459 763 358 110 386 401 730 410 530 517 88 413 657 561 102 938 0
34 745 481 490 743 642 81 162 778 131 522 71 70 656 24 752 99 163 899 936 337 971 0
736 680 868 637 697 90 74 146 164 559 130 320 185 861 409 350 635 698 857 650 0
508 73 891 974 397 784 988 979 384 87 809 873 971 587 420 0
561 104 827 668 47 360 75 793 916 188 120 450 358 606 914 882 224 624 832 204 0
451 585 487 2 787 115 916 711 894 617 922 207 466 884 50 995 302 22 380 0
830 459 311 432 234 735 195 721 167 468 97 608 359 656 821 929 185 184 389 40 948 0
353 308 749 920 568 907 265 617 752 969 757 454 263 123 184 654 167 133 396 196 0
457 121 159 902 883 665 729 691 333 495 40 460 766 355 151 620 42 311 189 944 159 123 168 0
246 111 251 907 259 476 849 458 609 86 238 787 466 769 526 603 61 478 394 506 135 508 0
787 301 463 859 980 349 547 273 723 943 286 636 974 174 777 123 589 0
601 762 753 277 117 523 404 562 72 345 431 368 590 17 390 988 802 186 765 801 0
222 870 349 873 411 627 38 147 749 167 582 857 211 942 971 934 833 0
726 91 143 507 88 909 21 272 369 226 47 398 918 855 752 466 483 435 418 860 329 469 0
884 37 703 419 848 943 523 404 126 92 343 986 875 375 100 904 275 955 0
804 796 915 324 799 452 937 638 185 423 920 242 981 196 927 249 0
322 154 652 14 220 712 160 470 546 233 453 421 10 86 981 738 891 753 800 492 661 0
549 157 230 172 164 944 983 810 233 328 908 90 368 647 268 915 394 562 523 114 417 0
779 996 666 353 961 939 430 416 608 835 985 72 137 777 817 0
44 726 184 198 483 367 927 455 592 794 910 994 966 128 808 76 28 316 374 407 0
984 527 47 825 185 297 773 424 315 276 991 545 970 763 856 978 0
774 824 327 344 670 776 211 57 954 595 820 992 792 552 178 886 0
971 544 57 4 250 184 762 588 697 801 969 626 647 139 378 271 964 914 0
977 8 821 473 91 618 383 640 432 219 22 255 815 976 796 777 388 427 672 0
865 933 965 883 361 321 713 243 621 618 88 693 443 17 470 15 498 599 441 0
676 865 237 42 132 25 650 506 17 81 666 528 247 356 769 499 142 108 704 359 516 660 59 846 63 0
575 236 299 795 305 170 504 681 993 407 151 950 919 422 401 128 862 980 0
20 919 112 670 517 364 119 85 564 552 470 454 326 105 952 601 680 394 279 555 624 430 0
158 342 386 461 719 891 606 377 753 701 732 838 323 513 438 575 945 0
1000 728 443 196 325 123 32 225 132 79 817 779 407 612 246 297 232 26 964 431 640 448 526 0
893 777 506 96 509 398 563 438 200 487 194 345 616 76 127 230 253 263 660 966 792 380 0
29 68 685 158 578 632 930 876 406 941 336 799 502 942 458 256 149 503 533 0
250 13 526 501 925 915 949 704 369 606 620 852 913 988 660 0
7 491 783 116 190 162 599 554 527 922 445 962 330 70 437 679 530 433 534 71 927 0
588 774 438 406 71 343 483 169 136 818 872 805 308 246 81 444 560 885 251 868 215 0
287 894 411 770 329 189 738 814 398 813 731 432 473 461 245 262 913 299 256 0
821 201 388 508 318 66 887 889 846 480 450 947 989 287 517 883 296 0
203 705 256 212 513 509 76 720 332 224 671 105 965 12 677 327 633 778 696 175 244 42 652 0
330 732 671 172 991 904 245 13 191 459 342 464 174 367 87 486 471 802 612 198 632 448 0
499 346 966 67 239 992 980 270 290 175 129 969 451 115 252 55 838 568 799 323 417 0
385 521 221 137 464 224 407 836 401 490 986 792 299 42 83 345 584 270 844 603 833 0
74 403 981 733 769 764 351 544 723 948 615 656 879 362 990 0
68 589 976 615 523 42 138 71 663 207 100 547 874 224 253 313 16 940 677 89 852 973 0
187 327 153 344 338 23 798 168 28 574 69 181 553 987 882 314 991 868 355 497 79 63 409 548 0
969 575 241 558 5 987 50 54 196 355 973 123 638 189 65 216 229 421 209 547 522 630 202 234 123 481 0
30 206 791 391 107 959 218 705 124 437 112 723 277 163 168 342 151 115 702 683 890 265 281 905 0
157 376 405 673 991 599 44 335 193 248 887 541 122 79 318 588 413 328 231 881 392 373 440 165 0