11000
337 503 605 255 564 984 117 508 786 660 825 454 416 979 368 613 887 802 335 0
505 125 946 895 495 205 2848 173 91 705 783 243 118 798 741 170 260 843 55 0
692 114 992 318 103 71 705 76 66 731 645 903 415 313 795 483 532 440 424 806 241 302 519 314 0
767 560 931 976 325 949 858 564 792 180 537 911 327 340 852 228 115 785 0
290 933 266 705 65 246 145 782 43 191 555 709 723 406 587 271 692 144 115 989 946 307 819 71 0
791 477 109 354 260 111 531 316 694 637 499 925 1 613 755 905 764 550 105 751 851 0
470 551 895 861 410 278 71 892 828 955 505 103 881 349 711 160 31 521 534 140 781 18 55 0
774 532 759 950 67 1918 542 641 69 848 149 385 669 106 363 275 788 400 765 0
285 888 127 384 2129 847 90 2650 419 157 1819 915 290 0
875 308 908 675 970 145 1375 1827 554 381 178 813 81 722 275 167 505 55 172 11 0