979
133 338 143 361 0
475 47 448 0
418 375 179 0
190 464 323 0
434 128 143 265 0
16 193 398 164 207 0
96 471 404 0
454 333 184 0
148 400 275 156 0
106 418 455 0
262 206 424 13 73 0
89 120 7 91 49 246 368 0
61 182 305 154 275 0
221 303 453 0
15 390 283 290 0
426 396 71 82 0
170 352 456 0
129 452 398 0
12 149 295 298 224 0
279 143 466 88 0
345 285 15 33 299 0
119 117 151 192 399 0
199 142 420 215 0
98 263 151 467 0
140 97 349 364 29 0
434 452 91 0
331 349 297 0
28 50 195 460 245 0
309 200 60 409 0
260 210 490 19 0
313 398 268 0
369 389 219 0
225 379 374 0
346 368 264 0
499 473 0
443 195 149 148 43 0
218 495 262 0
416 306 257 0
112 420 441 0
91 327 139 422 0
298 329 298 49 0
79 287 484 83 45 0
449 20 212 295 0
494 75 410 0
314 468 145 51 0
119 392 251 217 0
248 29 279 346 74 0
57 26 319 215 92 269 0
2 28 126 174 36 113 500 0
424 87 255 46 164 3 0