25 500
53
67
55
8
28
1
22
5
1
75
103
36
19
7
11
104
4
79
30
44
9
85
94
55
5
1
105
2
4
33
26
60
1
32
67
170
52
8
1
89
47
68
14
11
39
1
106
63
113
58
9
61
1
31
18
48
8
49
1
4
92
19
34
4
25
23
48
11
33
18
3
80
73
6
48
55
27
20
16
23
7
19
13
10
17
18
46
18
35
24
2
29
34
7
23
16
54
64
17
33
8
23
117
2
7
13
45
17
33
34
3
14
3
30
3
6
48
24
11
9
2
3
42
4
77
46
253
85
175
13
21
24
98
7
45
110
19
39
10
74
38
9
17
22
5
12
88
22
40
2
7
14
45
112
17
34
115
43
39
69
88
20
54
224
17
21
367
174
143
24
35
33
22
54
9
20
10
33
18
11
44
40
31
18
52
13
11
2
29
13
8
9
7
8
2
22
6
12
43
35
5
5
36
25
8
4
2
31
11
20
2
109
12
23
31
2
159
24
28
296
57
124
27
99
65
115
6
41
9
17
5
32
97
60
192
1
33
63
4
5
70
8
79
3
15
23
131
112
33
29
31
13
4
25
2
36
5
3
8
6
8
3
7
45
21
21
13
8
5
21
3
8
12
7
9
5
20
12
3
4
2
37
21
4
2
6
4
4
23
3
38
7
1
11
21
7
12
35
6
46
15
30
2
10
5
5
22
39
53
87
12
26
31
19
49
32
23
1
38
20
4
4
14
6
42
37
14
41
35
30
6
30
7
47
89
21
41
37
3
36
23
15
56
8
16
4
2
93
11
44
53
10
23
16
56
34
86
53
31
13
54
64
20
52
47
16
3
8
69
10
134
47
46
7
23
107
28
6
14
8
8
132
9
28
18
32
51
16
31
19
12
19
23
34
21
7
23
12
89
9
44
72
12
50
13
15
8
448
188
2
26
37
299
81
31
4
73
68
12
1
24
5
181
109
185
53
48
13
14
14
22
40
14
8
67
831
102
3
236
56
44
14
232
12
117
175
111
299
701
37
9
10
95
157
13
18
64
34
10
20
161
27
36
99
11
80
25
64
6
24
198
526
276
419
581
203
797
29
88
2
56
295
530
72
196
12
14
66
36
52
33
65
86
43
44
77
20
5
175
4
17
2
221
8
3
27
11
5
14
74
94
16
42
24
17
5
49
1
37
1
15
62
59
158
38
9
68
25
93
40
1
20
155
15
111
1
4
41
28
3
8
16
25
25
32
135
135
10
6
134
3
12
13
1
16
21
14
53
76
72
6
37
31
6
58
21
118
41
9
50
25
13
41
40
6
70
7
50
9
23
19
17
5
2
43
13
18
5
4
3
84
36
24
8
32
43
6
22
14
4
27
29
8
27
43
7
14
3
18
19
10
30
34
21
66
20
2
51
38
17
19
13
32
226
13
25
145
8
4
14
26
33
135
99
115
125
118
12
93
40
32
25
47
9
13
23
7
7
9
36
80
87
12
36
40
105
4
26
27
38
17
57
25
48
234
269
319
51
54
29
16
19
5
4
30
41
38
22
5
23
9
38
4
50
52
4
47
25
37
36
46
6
4
19
1
49
10
7
35
4
15
10
11
41
11
20
4
19
6
7
71
4
26
2
7
31
63
73
136
130
14
130
3
123
51
106
171
18
19
92
22
10
3
156
4
33
11
2
15
47
39
73
20
144
30
63
18
181
8
4
10
59
9
23
11
9
27
3
3
1
4
2
15
11
4
7
10
2
16
9
3
14
2
34
2
67
43
8
39
10
9
6
8
6
10
20
32
4
13
8
28
2
45
23
9
30
68
11
23
17
8
1
41
2
7
4
22
8
43
17
6
13
45
1
11
23
11
36
47
62
68
4
44
23
92
64
21
26
7
5
8
29
58
19
38
16
6
6
6
17
13
14
27
5
69
28
22
16
126
50
19
6
10
38
42
16
220
29
5
47
19
33
69
3
20
45
96
2
3
3
8
23
68
7
12
10
8
9
4
66
52
14
17
26
19
21
14
35
4
8
49
18
43
26
82
52
26
67
72
31
21
90
37
32
7
11
10
172
15
90
667
46
10
22
69
17
176
69
48
31
77
27
12
54
24
14
34
30
28
39
31
85
82
31
328
421
251
52
2
110
51
68
213
61
67
335
41
428
572
4
8
5
104
99
16
63
42
4
13
21
251
22
44
131
10
110
10
13
4
26
547
352
101
673
327
759
241
75
97
198
445
64
121
131
63
90
3
22
47
71
16
42
110
72
7
28
50
197
49
2
6
11
4
44
26
42
45
3
84
7
12
32
44
30
8
14
27
60
80
62
22
8
154
7
168
33
8
113
34
46
21
11
42
37
37
174
18
24
50
32
35
116
18
13
24
73
2
39
22
7
64
11
12
2
115
4
22
72
53
20
88
4
104
72
1
10
32
56
1
4
28
39
9
1
100
37
10
11
36
64
4
30
21
45
17
15
5
3
31
3
32
18
49
6
7
3
14
8
23
6
43
5
19
18
38
5
3
15
23
58
11
19
6
32
96
20
15
10
64
21
22
6
23
26
80
42
12
9
186
63
54
270
36
20
155
24
66
17
60
23
56
78
26
58
86
12
10
131
12
5
70
24
27
55
18
16
42
58
9
8
5
28
52
123
33
98
96
257
341
61
37
45
12
15
33
7
1
29
26
13
17
23
16
28
69
1
11
3
5
5
21
7
24
5
9
37
20
5
67
1
14
7
25
14
14
14
16
14
2
10
4
33
6
23
50
101
74
469
20
27
83
2
56
74
104
29
62
8
75
34
14
2
8
24
63
60
35
86
109
29
46
26
11
69
34
211
38
18
23
4
30
15
4
19
19
40
3
2
32
12
36
31
27
11
12
24
21
2
15
17
10
5
53
3
2
6
22
1
27
19
3
8
3
19
13
5
15
6
34
20
6
20
10
10
4
33
9
74
13
4
2
24
2
14
24
7
11
13
5
33
9
38
27
77
53
24
43
9
38
59
41
3
67
2
51
45
25
12
47
2
8
16
13
12
75
24
25
40
1
5
3
57
11
15
1
20
9
2
3
14
81
28
7
37
65
15
31
11
2
25
32
14
62
61
71
28
29
70
10
2
161
130
11
2
4
14
2
7
34
183
54
15
21
16
42
68
13
10
29
15
13
2
131
12
11
9
45
73
22
25
29
4
3
3
27
45
17
163
256
29
335
165
52
12
29
122
7
63
60
53
53
30
1
19
35
37
41
2
39
78
146
45
126
2
253
213
534
67
272
46
270
57
2
7
75
134
70
386
614
51
63
45
4
8
29
1
39
40
145
122
86
20
92
106
68
20
16
27
17
1
609
377
14
142
858
736
264
141
104
166
176
77
336
181
55
52
182
28
77
15
100
97
34
3
40
16
46
33
20
21
1
7
63
52
20
12
53
165
10
18
20
20
66
7
30
40
50
19
17
82
72
6
65
3
102
9
8
7
26
39
2
13
49
8
63
8
43
166
32
2
62
62
90
55
62
103
74
17
29
81
102
35
72
37
2
52
9
21
8
57
11
25
14
34
19
58
3
9
2
97
17
66
21
12
25
55
27
3
25
51
22
38
10
3
18
3
38
8
40
28
7
2
54
31
21
3
7
33
7
4
11
85
23
20
23
11
13
36
2
16
80
7
6
24
22
30
20
36
15
26
32
6
37
87
12
128
146
22
201
90
1
27
4
120
110
15
3
69
7
63
92
88
10
13
38
6
17
66
59
53
99
68
19
14
46
23
23
40
10
31
18
25
190
199
381
65
114
33
18
24
8
7
16
15
14
10
1
5
6
26
7
13
16
38
7
19
24
58
72
71
12
13
20
22
10
24
2
7
30
53
11
33
44
2
9
20
12
17
65
25
19
40
12
9
20
12
21
19
47
123
189
153
329
30
58
1
30
5
111
10
12
10
27
77
16
10
142
94
105
199
81
2
10
3
26
20
3
37
20
32
12
3
22
9
2
1
12
5
3
9
14
4
21
4
3
11
6
3
3
42
22
10
22
2
11
2
12
13
11
62
50
31
5
37
15
31
5
30
9
17
15
11
23
4
5
7
47
34
4
44
7
26
10
34
3
2
35
4
18
25
4
1
7
43
6
47
6
3
93
17
16
11
38
15
32
47
51
26
14
8
2
60
33
2
66
10
26
3
17
4
10
6
60
7
86
15
71
41
17
139
13
46
42
7
33
32
41
24
23
16
8
63
13
16
2
74
76
24
26
85
10
67
103
18
31
29
2
31
5
39
19
24
7
50
37
21
58
16
33
36
32
15
9
88
10
32
7
50
21
72
28
45
5
4
3
59
64
159
67
32
210
51
481
59
66
69
56
54
9
20
44
10
2
10
1
16
48
125
41
145
11
38
33
143
187
345
468
127
36
256
7
244
63
187
28
23
29
395
605
46
43
21
16
116
17
62
54
44
90
78
56
64
6
22
99
1
51
60
29
25
865
91
44
193
807
924
76
175
251
20
32
51
471
19
246
72
15
106
44
4
28
163
22
27
2
5
8
97
27
115
12
5
18
68
9
7
24
15
85
53
31
23
10
80
38
42
137
93
20
76
13
22
57
39
23
31
13
41
9
100
63
42
12
12
38
52
1
77
73
16
19
59
37
88
21
146
37
13
18
13
13
11
30
6
2
135
56
112
10
57
14
30
4
22
76
13
1
6
17
46
23
49
70
68
13
21
64
15
49
1
2
7
32
4
6
10
26
6
10
12
11
20
1
14
17
46
17
10
10
58
23
19
8
39
55
7
88
2
106
3
20
9
5
12
11
38
17
67
25
5
56
1
78
229
36
32
131
130
46
173
24
5
29
39
39
9
37
46
30
62
7
117
42
20
8
151
6
51
114
41
25
14
4
1
3
20
42
12
11
35
84
17
32
155
30
68
88
167
460
1
9
28
17
4
15
3
15
54
2
45
6
16
9
20
8
1
12
4
126
7
10
2
2
22
29
3
3
2
16
32
30
12
79
68
95
12
10
14
11
36
10
11
17
23
22
27
103
56
72
190
6
36
223
8
140
28
138
24
164
11
10
62
5
61
22
6
85
127
2
31
27
28
99
28
1
6
62
139
8
10
16
10
21
6
25
6
23
13
22
40
4
51
23
7
14
36
10
16
4
5
3
32
15
1
11
35
8
1
4
4
35
9
18
19
31
55
5
7
7
7
22
10
4
1
19
11
9
11
29
6
46
2
30
4
7
23
16
14
2
14
43
7
19
7
30
9
65
69
49
31
9
59
28
57
54
5
3
26
17
20
5
11
26
53
30
7
52
74
49
11
24
11
5
30
3
5
21
19
25
20
41
28
52
10
27
15
5
8
50
9
73
22
119
8
31
11
71
20
164
36
118
7
30
47
20
32
7
49
4
4
27
92
40
49
32
36
62
44
23
2
5
4
53
78
9
2
2
34
3
2
44
22
51
60
10
9
42
69
71
356
256
146
102
41
35
68
76
81
85
68
21
21
5
52
12
32
10
58
2
4
32
139
99
59
353
203
444
37
91
109
115
249
18
249
15
30
87
680
320
21
9
139
2
123
22
8
65
21
14
32
3
123
6
12
84
18
61
28
1
208
252
151
597
606
394
121
879
13
177
412
200
127
71
7
135
20
6
146
53
32
11
13
77
6
35
64
223
19
98
55
131
26
16
9
72
34
31
38
108
41
66
17
46
6
33
29
71
14
44
8
15
72
18
49
6
87
27
13
3
2
52
8
173
1
1
17
50
41
54
22
19
2
43
10
38
157
11
169
101
8
4
63
12
28
50
6
12
13
8
40
25
24
40
67
15
4
121
38
76
30
74
4
37
40
17
18
25
19
39
44
20
9
42
14
4
12
6
18
37
18
38
9
8
17
31
47
35
7
40
33
26
17
32
7
8
8
27
16
5
12
23
18
81
1
21
3
2
36
5
29
20
56
67
10
12
129
34
29
74
11
29
22
15
246
34
288
70
70
21
39
1
137
41
4
76
39
20
6
16
1
22
91
1
14
3
84
21
22
79
74
35
13
78
146
251
136
137
181
71
24
4
29
1
3
31
22
4
2
22
71
8
11
42
40
41
24
6
21
13
11
1
39
11
35
28
2
2
26
10
1
24
1
66
23
5
7
5
16
64
14
16
98
8
29
24
15
69
83
30
290
77
6
125
27
128
127
38
11
5
14
54
15
32
141
74
51
11
40
74
12
13
116
44
34
91
16
68
84
19
19
18
17
22
12
1
16
11
11
22
1
9
57
5
5
7
14
31
12
1
10
26
4
1
10
1
7
12
3
17
48
15
8
2
7
55
2
16
2
28
93
1
16
17
13
7
25
19
3
8
6
8
26
19
4
1
49
33
18
34
9
7
18
7
75
63
17
11
4
8
22
49
15
34
48
87
22
5
4
1
77
1
24
8
21
9
74
17
5
13
109
30
26
55
9
10
11
8
3
104
56
35
71
4
29
33
18
69
14
17
173
2
58
57
9
18
7
27
65
66
46
13
5
4
12
11
5
44
51
4
23
71
11
24
6
44
7
7
50
20
6
10
10
31
5
46
3
34
48
128
1
8
28
9
7
81
129
26
84
212
297
356
25
26
36
135
27
13
61
40
36
20
163
28
48
78
162
9
3
60
5
43
4
18
11
265
179
556
67
123
4
123
81
97
10
251
176
68
491
509
21
132
19
15
79
17
1
56
21
80
41
20
7
126
106
49
9
14
16
19
152
225
27
748
630
370
149
851
134
81
65
288
287
145
27
21
33
16
11
28
285
42
28
86
28
93
96
108
22
19
57
35
1
65
43
63
12
89
6
3
44
8
81
11
20
17
12
97
132
2
163
12
33
23
26
2
48
89
73
3
61
4
20
78
13
18
15
142
65
21
16
102
41
19
31
9
21
31
80
90
18
32
6
9
12
105
39
83
21
36
117
30
1
5
11
4
10
26
48
6
77
20
101
5
13
13
1
61
103
85
1
10
49
20
9
1
17
11
12
16
23
28
45
8
34
3
8
19
6
43
70
5
3
1
11
14
12
17
15
3
5
39
69
8
23
6
16
35
11
15
9
45
17
74
156
16
15
7
38
150
10
4
283
67
10
69
101
2
73
74
34
17
7
40
33
19
42
13
22
5
3
59
45
5
9
61
29
66
57
167
9
4
105
75
116
440
84
44
82
159
43
9
36
61
5
8
39
5
23
6
25
1
80
15
2
5
7
12
28
2
8
49
3
42
10
61
30
47
7
2
38
33
1
5
46
49
6
8
6
27
23
9
48
14
8
4
4
196
58
12
17
168
19
80
100
113
10
227
5
24
15
60
109
60
18
38
64
2
20
52
41
102
29
16
141
80
6
12
106
39
20
2
27
5
10
12
14
1
22
26
7
1
10
4
6
28
23
30
6
5
34
16
20
34
31
6
3
25
8
35
17
2
18
1
22
56
22
25
22
6
22
10
24
1
15
38
27
10
5
18
4
19
8
10
3
7
1
2
42
4
15
14
32
13
75
42
59
4
19
12
72
35
19
1
9
10
47
7
52
82
15
2
26
24
59
9
6
63
11
43
4
1
13
22
21
8
65
6
12
18
32
2
28
21
25
72
10
6
5
6
101
13
68
27
25
109
11
78
11
84
148
4
82
14
19
17
35
26
4
26
30
91
25
7
6
15
13
83
39
13
3
17
19
121
31
29
6
5
11
4
85
19
3
103
2
21
48
24
131
114
222
61
425
47
76
10
7
12
45
23
19
69
53
3
139
60
118
63
28
97
21
59
34
9
55
80
416
504
3
98
159
41
207
331
62
18
46
35
427
573
17
16
41
2
63
75
4
30
56
15
3
18
14
10
63
169
49
5
195
60
95
50
459
491
756
244
373
627
154
208
17
284
138
199
45
35
155
61
67
8
26
81
23
4
83
66
158
83
27
31
47
75
17
26
10
13
69
19
63
15
3
53
55
30
6
24
48
116
69
33
8
4
8
93
11
132
9
38
26
33
110
8
1
25
33
5
38
72
62
52
46
45
116
8
59
73
36
47
58
4
124
7
30
21
33
28
7
14
63
15
14
53
6
138
9
45
5
2
8
3
104
55
2
29
52
5
65
59
16
16
43
24
7
2
30
27
2
76
16
8
11
33
37
11
32
4
17
90
1
3
20
59
30
2
18
26
47
52
28
31
10
9
21
7
8
14
16
48
7
9
18
8
6
164
217
54
91
47
72
48
43
44
36
44
25
4
111
16
11
17
13
37
72
6
44
11
15
45
6
56
25
10
16
26
28
22
21
214
16
46
190
1
36
14
244
348
49
207
17
121
22
16
29
12
2
6
12
31
1
3
8
19
19
4
16
15
18
19
6
69
1
56
21
15
49
30
20
7
9
30
7
8
11
14
16
35
32
20
11
32
49
49
35
59
3
46
8
15
196
42
8
14
158
77
54
212
215
9
12
114
62
38
48
21
16
89
214
49
70
6
36
67
32
15
62
15
3
26
5
11
28
17
3
10
3
12
22
21
26
40
4
5
2
2
29
15
38
2
17
1
37
13
4
2
5
2
109
1
16
3
17
17
5
18
22
23
23
30
8
4
2
6
2
6
12
25
6
19
5
13
17
20
9
49
15
20
10
30
5
35
15
12
6
22
26
56
97
12
13
8
17
20
4
26
54
29
37
9
10
30
54
9
23
1
3
5
15
21
5
34
36
18
94
1
67
25
60
6
47
102
44
3
46
2
91
89
1
45
36
32
68
2
10
57
22
12
30
100
3
105
9
3
31
57
13
33
2
19
31
42
30
65
30
53
40
2
46
44
15
11
13
32
13
102
6
12
105
25
5
8
18
50
19
28
8
35
19
26
16
52
541
7
40
344
26
32
14
56
20
30
111
197
7
26
11
4
13
16
50
32
225
19
5
67
39
390
514
96
144
8
86
67
95
328
83
56
93
40
311
689
91
24
14
61
39
17
151
38
141
32
21
36
10
49
5
2
77
26
1
25
140
27
870
103
900
100
223
777
143
276
64
256
146
115
289
16
64
14
32
12
23
9
24
47
19
59
147
19
195
28
3
6
58
9
11
8
145
27
130
17
97
2
3
38
8
17
40
28
116
56
34
16
101
21
11
1
6
155
10
33
86
5
7
63
65
8
17
44
12
77
44
32
11
29
100
36
26
88
46
64
15
46
9
48
71
8
93
8
7
52
41
34
61
2
1
55
5
18
42
86
28
13
19
21
9
56
85
3
11
12
30
5
14
11
34
5
23
1
23
21
49
73
57
33
21
7
8
12
45
5
11
3
17
4
4
7
12
30
88
13
59
1
1
65
5
13
65
7
25
1
26
10
33
46
58
3
2
180
295
17
15
169
49
19
39
20
88
141
44
77
19
11
5
71
37
77
5
29
125
51
2
13
8
3
4
32
2
34
29
41
104
3
33
48
350
289
3
221
33
56
23
8
15
92
7
12
21
1
14
18
23
18
1
1
6
16
15
8
11
14
53
37
4
3
5
18
58
4
43
2
32
11
64
51
14
53
37
28
23
6
10
7
19
35
18
4
37
59
23
144
12
341
175
79
7
9
143
8
10
27
224
64
68
110
6
52
10
1
20
64
2
67
34
5
15
13
90
62
56
24
1
12
22
56
9
10
27
7
20
20
3
4
44
34
3
2
9
13
15
10
17
18
2
92
15
11
9
20
14
2
13
14
10
3
2
1
4
5
1
29
8
55
1
9
40
4
10
23
10
6
19
11
18
1
3
17
17
63
17
11
10
20
43
7
24
12
10
47
14
61
36
14
2
16
129
18
20
11
35
39
22
5
27
4
24
7
4
105
19
11
25
13
7
24
56
51
24
12
22
94
105
23
73
18
58
1
19
30
44
48
25
55
6
65
5
73
37
19
22
2
35
50
44
49
12
42
10
13
3
4
29
40
4
37
1
59
52
109
134
22
92
3
3
13
44
5
1
23
38
2
6
8
91
5
48
10
11
26
28
29
120
530
151
142
173
30
20
24
41
100
41
38
58
2
97
25
41
22
79
55
13
55
38
19
29
763
47
190
15
90
36
22
97
425
21
158
60
76
246
754
34
138
57
21
138
19
42
23
2
189
59
5
20
21
4
21
17
25
131
26
8
42
592
366
738
262
807
193
526
56
132
20
242
24
51
19
71
17
13
43
122
43
20
223
8
15
2
77
96
123
57
62
101
80
48
23
12
22
33
29
41
11
16
18
12
34
159
70
3
67
33
24
28
43
25
6
33
115
77
67
6
36
24
9
8
87
61
39
126
15
71
18
12
31
37
20
52
31
25
11
12
6
12
22
40
8
18
11
4
31
16
154
43
23
135
54
29
6
2
11
87
3
53
30
32
14
6
127
16
12
41
10
29
24
30
16
19
31
8
37
6
6
33
3
11
4
3
69
27
5
6
3
1
53
19
7
75
10
17
10
17
39
21
15
43
27
6
1
69
17
41
35
28
120
4
103
32
39
85
58
13
174
112
109
96
32
23
18
14
20
79
228
16
10
9
22
24
23
27
56
107
87
21
30
51
7
25
32
5
4
14
28
43
38
145
49
42
95
145
486
18
18
48
58
28
39
8
32
19
11
10
63
60
10
18
42
5
33
8
7
17
10
12
15
4
3
33
2
10
9
24
48
7
1
9
8
56
41
25
7
11
15
7
55
24
7
5
98
207
176
145
30
28
147
36
36
49
48
4
82
13
28
18
16
55
123
59
35
26
1
23
7
25
19
12
145
203
79
27
67
17
16
34
4
5
4
5
35
13
12
13
33
43
4
34
5
8
12
17
36
2
3
2
1
6
48
2
37
22
17
7
5
4
12
12
11
1
12
22
51
12
15
10
23
3
30
7
2
1
10
21
39
36
21
3
7
2
8
8
43
1
4
10
18
7
35
8
44
54
30
40
31
16
24
9
9
77
53
23
37
2
4
71
1
73
37
30
6
1
12
8
10
26
6
29
5
48
72
34
19
13
8
79
5
4
32
9
45
21
15
110
31
88
37
47
1
66
170
22
64
72
15
9
18
5
11
4
15
34
10
23
11
34
20
29
1
5
36
6
31
58
40
43
2
100
3
3
15
11
39
54
25
73
23
39
25
157
15
112
136
204
1
93
454
65
26
55
12
94
85
3
9
106
19
2
1
13
47
146
37
61
32
38
82
67
736
185
79
144
142
75
31
71
90
38
216
85
108
818
182
89
29
38
7
38
79
36
8
32
7
182
17
69
5
29
63
37
21
97
47
70
90
72
838
756
244
864
136
265
18
284
282
76
75
13
21
10
37
30
75
13
31
213
9
55
163
51
22
76
165
16
28
46
5
8
5
17
5
24
18
10
61
46
15
50
23
91
111
27
21
93
19
85
94
71
27
26
195
56
7
27
8
46
2
167
37
5
7
62
26
2
2
11
93
17
59
5
95
45
78
68
10
4
66
42
35
23
14
105
2
108
10
33
11
16
26
18
56
8
107
30
5
2
37
39
39
5
3
33
53
2
4
6
14
1
4
2
6
41
18
1
3
6
40
7
23
8
38
11
45
70
6
30
15
36
64
5
15
32
4
8
22
9
15
26
49
7
65
60
13
6
69
8
57
22
165
8
13
146
18
160
69
144
109
54
15
20
1
7
55
36
34
32
27
17
35
30
29
17
1
3
32
10
74
4
15
36
14
18
31
343
80
19
124
39
88
159
2
144
444
26
3
4
9
1
18
12
35
71
39
4
12
5
25
16
10
7
37
4
16
19
57
16
9
21
3
57
13
23
44
33
16
22
25
30
42
4
39
45
12
25
5
25
10
4
23
24
342
41
209
4
9
41
39
35
48
205
27
28
27
10
114
9
3
52
133
79
91
15
26
284
52
14
5
15
24
2
16
1
2
6
3
58
5
9
27
10
8
9
34
29
2
5
7
3
14
12
13
9
2
7
2
11
3
1
9
35
6
12
4
25
12
3
15
7
22
7
72
9
31
2
20
29
34
22
24
7
4
10
28
42
5
26
1
29
28
4
25
9
43
24
24
7
6
25
9
34
31
49
26
19
15
6
11
22
3
51
13
41
28
29
43
22
55
1
105
10
93
21
19
10
4
53
2
14
9
33
2
79
95
10
27
142
33
38
71
17
19
18
82
6
14
18
58
18
87
17
11
31
23
36
37
37
55
8
109
12
20
25
77
74
5
43
20
68
5
5
34
20
1
24
66
22
34
42
1
4
30
2
48
29
26
21
31
20
51
10
13
328
160
197
115
3
197
24
24
125
32
17
161
42
64
7
8
36
9
103
10
6
92
144
5
3
68
20
476
75
449
45
30
47
150
104
194
152
6
234
38
239
761
29
125
124
66
1
38
2
35
29
45
56
67
200
66
14
34
47
7
1
12
2
275
563
162
653
347
366
634
356
208
17
317
4
98
84
29
102
3
8
9
40
206
2
53
29
61
71
33
208
1
61
12
11
138
137
15
72
56
49
46
23
3
49
127
3
4
43
32
56
6
20
42
18
9
10
19
51
53
40
95
35
33
4
38
12
1
21
167
52
83
22
18
22
22
131
23
21
44
12
60
27
1
120
42
11
52
46
92
3
17
34
51
3
3
24
32
19
35
1
29
7
50
23
125
6
32
16
39
37
21
5
1
10
5
62
16
16
13
31
25
12
25
20
17
1
76
1
13
35
23
13
46
17
32
10
29
15
9
4
10
30
9
39
1
83
10
59
22
28
21
18
18
12
1
10
23
15
66
195
33
7
118
205
52
5
140
130
36
81
51
28
17
57
43
6
182
11
33
37
40
17
68
10
14
7
9
6
40
2
77
49
44
35
33
350
173
74
295
73
2
2
1
27
88
7
32
36
10
9
21
18
66
6
22
9
7
4
29
12
20
9
1
33
3
13
1
43
1
26
39
10
11
20
19
17
12
26
11
79
6
31
32
2
10
10
52
57
178
17
30
15
80
32
202
119
240
25
62
31
21
91
29
89
19
7
4
58
42
40
19
46
53
3
50
39
53
4
109
193
59
3
17
1
24
4
6
3
5
37
11
7
23
24
14
2
9
6
33
35
40
10
21
5
16
1
12
6
8
6
15
25
6
23
20
2
46
24
87
16
3
22
23
27
23
15
6
7
14
14
42
1
2
1
3
6
4
7
4
13
16
18
17
11
1
105
2
21
39
14
84
41
3
7
1
17
10
2
8
6
31
48
26
25
2
72
14
1
8
12
54
49
58
14
16
86
35
23
33
21
48
7
58
19
6
12
9
111
6
15
21
89
17
78
20
14
15
102
54
86
81
67
2
56
7
21
59
15
20
17
44
1
10
45
30
31
62
19
35
24
58
27
6
12
22
39
12
15
5
21
112
16
20
12
4
25
53
32
76
311
363
25
12
234
55
70
165
42
32
95
37
77
29
6
19
25
26
4
60
27
11
21
26
9
112
107
185
471
344
51
148
32
2
13
128
186
104
6
330
177
823
40
52
3
35
93
19
125
19
105
5
88
4
95
117
10
14
115
8
10
11
32
279
590
131
707
293
112
888
128
364
208
174
67
59
26
9
41
246
59
25
28
27
64
68
84
79
48
81
40
39
36
11
19
49
70
17
31
13
8
30
40
251
23
21
4
68
22
3
59
5
17
2
51
17
98
71
3
6
42
21
64
65
61
2
27
32
93
57
12
44
36
46
16
68
42
96
117
23
27
6
17
22
243
73
5
27
19
44
7
6
2
59
33
11
28
33
27
19
32
37
3
17
109
6
2
19
50
44
88
15
23
25
40
11
5
7
4
10
29
61
2
9
24
1
9
25
31
28
25
47
6
38
6
2
14
7
11
7
1
70
61
2
1
49
9
21
28
35
13
12
63
15
10
60
72
114
81
7
43
5
208
25
2
51
110
114
108
10
5
65
4
7
49
19
91
28
50
10
78
46
13
86
125
22
27
17
3
1
33
4
67
96
44
47
75
93
275
263
75
172
8
6
2
39
10
4
2
13
1
43
25
15
29
59
5
14
3
19
23
7
3
62
6
11
9
36
41
52
15
68
1
59
4
35
17
11
11
42
2
36
22
62
10
31
2
4
21
111
21
26
22
261
51
240
65
36
73
94
86
4
12
36
112
13
71
1
109
119
32
22
26
3
26
9
13
21
51
169
65
17
30
10
3
2
2
34
7
6
1
9
16
12
5
17
10
16
9
27
19
14
7
2
10
21
20
23
11
28
5
1
60
4
4
15
17
6
37
4
25
30
27
10
23
34
8
11
10
6
6
17
35
18
17
7
2
43
7
11
27
15
15
55
68
21
63
19
24
98
11
2
2
49
1
24
58
2
82
18
6
1
9
5
4
57
7
15
8
119
5
1
2
33
14
9
15
13
41
80
14
81
1
7
18
19
18
100
69
116
18
19
34
13
39
4
163
33
53
97
21
6
20
8
32
11
1
110
62
30
49
23
3
66
14
26
64
36
20
13
11
8
80
22
4
8
7
20
38
9
49
15
72
11
3
4
12
4
44
62
3
355
383
51
165
43
99
16
51
13
29
19
160
11
84
35
15
74
19
15
7
106
3
29
20
25
170
298
146
556
21
127
48
186
177
134
52
192
51
12
831
169
50
6
105
29
4
23
76
16
37
41
5
34
78
123
54
4
78
71
115
28
23
86
509
405
85
915
341
659
230
11
337
281
27
114
86
72
13
24
46
19
192
2
125
96
37
69
28
50
70
64
7
137
3
6
34
57
2
13
4
30
28
47
68
152
10
117
36
18
40
3
74
41
3
21
40
16
15
71
5
4
49
42
46
3
32
128
33
26
14
27
13
35
33
84
19
149
12
77
83
3
60
4
19
25
16
1
17
81
14
53
35
99
58
45
26
26
10
24
168
3
36
49
13
16
11
23
28
37
3
18
14
13
59
3
21
2
25
35
25
14
5
9
1
12
7
19
8
35
29
34
52
2
79
27
13
36
26
2
11
66
26
4
10
27
26
33
56
5
23
35
28
2
20
202
5
28
112
4
10
45
126
19
20
134
53
30
212
96
16
15
29
17
33
19
8
3
113
23
40
14
18
70
31
33
13
88
15
69
178
6
11
5
37
112
16
87
165
165
136
319
13
11
6
4
4
21
63
15
9
65
19
1
5
31
21
7
35
4
1
2
49
15
33
9
38
24
1
6
19
25
77
7
39
44
18
24
10
28
60
10
4
4
12
37
57
9
4
39
33
44
272
14
368
13
58
75
70
14
9
13
134
1
109
90
5
36
23
64
15
21
21
34
69
118
6
54
51
78
49
4
7
22
15
17
4
13
12
16
32
5
14
19
86
44
20
7
6
25
1
8
5
27
18
19
17
22
11
3
46
2
7
29
27
26
11
22
3
9
24
2
1
22
5
33
3
10
5
11
10
22
3
26
7
20
8
51
10
12
13
8
2
11
39
21
6
13
17
2
17
6
94
8
15
2
5
21
45
12
46
24
62
7
33
46
36
30
21
58
47
82
7
1
3
39
20
15
16
46
38
28
14
108
41
8
108
65
4
181
14
6
38
1
7
54
6
11
71
15
35
120
19
6
37
3
53
25
4
17
46
11
39
19
105
36
20
67
54
9
24
41
3
3
43
3
10
2
13
25
2
15
8
55
2
10
63
41
43
89
281
251
155
61
153
99
6
6
30
69
40
47
10
5
26
19
4
62
71
21
126
116
107
7
64
10
154
199
492
309
162
3
139
125
100
44
340
13
46
28
101
899
43
67
1
3
87
5
119
93
8
15
13
127
159
18
19
16
51
2
47
91
16
45
952
3
964
36
236
764
173
89
117
106
269
246
109
19
34
3
5
60
4
162
2
5
16
160
22
71
21
27
280
66
11
20
25
35
18
2
15
2
18
23
12
5
68
23
8
24
36
124
142
137
12
64
9
101
42
26
30
27
19
5
17
15
37
14
202
32
31
29
47
76
23
2
59
36
39
17
175
91
47
5
102
1
9
30
1
39
88
48
22
71
8
20
35
22
8
37
96
52
18
39
25
41
12
2
5
26
13
23
31
41
21
47
32
22
5
12
53
27
2
26
4
8
21
57
7
131
11
11
37
8
15
22
16
2
1
8
49
27
47
30
17
6
14
46
9
4
2
2
10
11
12
29
8
27
11
10
143
72
97
3
31
130
178
142
119
5
49
12
27
87
18
2
93
63
30
59
12
55
10
4
6
3
52
34
34
44
31
18
42
31
179
337
67
234
16
200
107
39
75
6
2
18
6
16
6
6
1
10
15
51
26
32
14
2
21
69
9
23
1
1
32
14
10
52
28
1
5
12
10
19
6
57
16
69
103
21
4
21
1
15
23
12
29
12
18
107
22
40
96
327
37
125
23
5
66
152
3
20
34
14
19
54
101
49
81
48
54
20
19
107
45
45
84
75
81
7
40
27
1
11
4
57
15
27
5
21
1
8
27
28
2
28
21
4
38
45
7
12
4
15
13
5
1
9
22
6
4
12
12
15
2
5
7
9
4
28
5
20
11
39
19
8
35
24
11
24
3
9
2
40
6
3
49
8
6
5
4
1
45
61
90
21
2
31
32
27
15
21
87
1
11
54
46
6
7
5
40
7
58
20
36
19
12
15
20
25
3
41
13
25
31
8
2
5
43
24
97
9
20
19
18
140
1
8
7
15
108
37
78
38
172
14
20
6
59
16
54
9
3
8
9
132
18
6
55
69
5
6
51
35
38
28
8
5
28
25
13
109
1
106
4
1
14
6
12
70
39
38
25
15
43
33
43
18
19
14
92
492
71
74
1
270
51
143
18
4
7
19
21
51
25
32
41
17
6
148
16
41
97
5
62
192
4
197
574
229
3
147
3
154
384
42
21
27
2
217
49
951
125
14
42
33
16
72
17
45
8
60
26
6
58
97
19
92
64
154
2
23
27
124
356
520
356
644
985
15
578
97
79
82
100
64
54
40
28
9
9
14
110
104
63
117
44
64
6
69
178
5
86
6
52
12
5
45
49
9
45
32
22
38
18
44
52
56
160
9
27
76
6
66
86
30
39
16
9
49
12
12
95
40
18
238
27
36
38
1
13
37
126
26
112
14
47
8
26
6
10
48
35
3
68
35
86
1
95
1
33
55
31
1
5
116
1
7
81
15
49
2
55
13
28
61
10
16
16
33
2
20
59
40
1
46
63
1
4
46
12
2
29
21
11
3
8
20
58
19
22
37
53
38
1
70
23
8
8
14
12
21
10
11
20
4
54
32
6
6
30
20
4
11
20
58
111
25
34
141
112
52
10
14
166
59
37
117
64
41
2
11
7
63
31
79
11
89
21
77
28
40
52
10
13
6
33
15
23
18
104
85
65
33
43
100
624
48
27
96
78
27
1
1
21
2
20
12
2
9
28
1
60
21
51
13
37
43
4
41
28
29
14
16
13
43
21
36
5
4
76
28
37
71
17
16
6
13
5
4
29
12
43
30
10
11
13
2
1
169
93
84
57
70
111
8
35
69
41
263
6
28
2
17
20
18
33
62
135
6
19
118
105
94
21
25
123
46
19
12
91
16
12
29
13
6
2
28
14
3
28
1
13
28
65
12
2
3
34
5
35
9
19
8
8
72
14
37
6
31
11
14
8
7
19
25
8
4
11
7
30
15
33
19
28
6
2
5
10
4
19
3
5
3
30
9
11
20
12
17
11
16
15
10
17
19
94
3
46
21
20
19
72
29
6
9
98
72
12
4
7
73
17
6
72
6
31
23
7
15
15
2
18
48
1
8
5
26
7
43
29
39
6
16
10
74
6
33
67
23
88
78
10
47
66
17
2
10
4
48
77
12
4
89
76
98
20
15
4
9
28
18
85
7
30
41
22
13
11
28
30
12
33
4
18
36
2
24
1
83
63
22
19
71
19
49
59
20
89
15
59
193
45
416
60
227
151
65
150
41
45
62
61
22
15
5
8
129
6
22
11
69
34
29
14
12
49
352
216
432
18
15
191
89
214
81
122
40
63
167
814
186
106
2
23
142
1
17
84
68
67
17
10
56
67
16
13
42
47
48
34
1
139
875
106
19
424
576
733
267
100
115
114
561
43
67
48
184
34
31
30
30
73
51
98
32
62
49
61
14
53
87
63
19
18
11
58
18
1
72
58
38
58
11
14
117
51
39
25
101
94
136
2
4
1
10
11
33
75
85
3
81
21
102
25
93
10
15
30
83
17
46
6
24
9
31
38
38
68
6
94
51
29
91
14
9
5
6
4
8
3
6
38
35
32
30
15
8
33
50
30
4
150
247
25
6
5
21
23
22
4
5
11
12
6
29
8
3
19
19
4
6
76
8
5
42
20
15
20
4
3
6
53
14
6
41
26
3
33
2
27
38
13
51
50
25
21
25
62
12
33
38
78
12
12
30
27
202
102
73
23
3
147
154
4
94
31
13
97
69
31
25
36
36
33
16
24
16
97
121
18
12
8
39
2
13
26
29
14
45
24
61
118
55
32
114
207
172
102
241
15
149
11
47
24
7
34
2
7
12
3
26
2
7
26
3
23
53
6
19
40
36
22
10
13
21
97
21
3
2
4
17
18
23
8
45
15
11
44
68
20
19
7
41
16
29
17
1
20
52
61
238
109
41
19
4
20
60
160
236
68
16
9
55
44
36
75
44
2
27
66
91
147
36
41
11
11
6
22
165
28
6
14
7
4
17
26
2
6
3
10
2
22
12
4
4
9
5
2
1
1
4
6
3
17
1
36
5
21
5
3
6
86
24
50
1
34
43
13
1
42
12
40
19
1
56
39
17
20
12
4
9
1
5
14
52
3
19
22
7
29
39
15
7
11
7
1
4
1
12
85
1
10
32
41
34
119
63
16
29
13
11
10
4
8
170
66
20
7
3
40
43
13
23
16
20
29
6
20
5
7
1
111
7
2
66
2
43
25
25
113
19
4
215
69
17
15
15
37
29
15
20
19
25
46
60
17
2
14
23
10
35
7
12
20
54
5
34
12
13
16
16
146
139
8
28
18
88
9
24
16
5
23
90
2
5
17
31
9
52
548
53
42
19
224
114
15
60
19
18
58
14
7
28
71
98
24
25
16
3
78
231
33
92
43
60
7
278
159
563
141
161
10
241
14
144
55
20
16
198
474
526
53
10
43
65
235
1
12
1
25
7
12
21
14
3
114
131
69
40
57
77
10
192
145
663
972
28
461
539
124
148
103
475
54
96
1
31
95
232
49
93
58
27
36
66
32
56
32
49
34
46
63
41
2
75
67
14
1
13
82
28
22
1
67
37
11
59
3
68
21
50
12
115
41
87
64
19
2
9
76
48
3
51
144
82
112
98
29
27
14
35
2
75
8
29
65
36
38
10
7
68
7
28
75
17
10
106
121
98
32
14
23
41
23
13
3
36
2
12
5
36
15
55
9
26
13
98
10
4
2
7
11
4
19
56
35
54
6
80
37
9
16
13
1
5
18
2
12
25
54
10
27
10
4
82
5
32
2
15
26
8
8
25
2
80
19
12
8
1
46
2
51
6
53
34
6
76
3
26
45
146
45
65
6
433
17
54
44
8
1
16
46
36
19
89
34
13
41
8
106
113
10
18
70
20
11
11
93
32
19
31
76
55
24
608
70
16
3
35
110
158
13
2
30
4
11
34
6
9
22
14
9
9
24
9
18
10
2
19
22
5
157
12
21
13
21
4
7
17
13
30
62
10
25
53
9
9
4
39
6
6
1
120
68
6
2
4
9
13
17
280
74
73
50
107
44
37
261
44
14
49
64
36
39
27
57
50
50
61
28
7
90
52
34
7
100
60
107
35
33
8
7
6
17
3
4
31
17
12
17
18
28
22
23
2
13
51
34
14
1
7
24
33
5
48
1
48
6
2
8
24
7
14
21
5
1
45
30
3
3
17
7
16
22
44
41
9
4
12
10
6
20
11
29
27
3
12
3
15
4
10
13
2
11
23
72
15
31
14
1
19
3
67
51
14
63
53
6
49
57
2
6
32
2
67
13
83
19
76
2
2
16
36
41
23
11
2
2
7
9
57
27
21
59
5
78
29
18
62
18
17
8
32
25
9
144
57
58
41
64
10
8
74
24
55
43
2
67
8
107
14
6
82
26
9
2
10
15
61
11
24
24
7
18
83
12
9
5
52
21
28
13
51
76
15
5
7
14
73
143
54
38
320
133
312
9
11
113
68
83
46
67
2
126
20
2
140
20
17
40
9
64
33
72
43
15
29
269
702
123
15
71
270
33
100
41
131
29
187
411
589
35
40
44
57
28
159
10
49
59
48
26
4
117
104
13
3
48
43
76
29
8
198
655
147
235
765
360
640
59
69
457
204
196
15
4
27
342
30
125
24
47
8
32
37
36
81
17
5
66
58
61
50
52
6
9
43
10
28
26
62
68
37
13
43
115
45
65
27
8
50
40
16
139
11
22
15
6
10
8
55
108
41
57
29
1
3
102
53
40
51
28
24
152
7
147
22
28
19
9
6
96
2
2
25
67
30
26
58
37
5
18
30
18
46
23
9
21
76
89
15
53
12
26
68
22
115
1
4
1
4
11
17
3
7
28
3
26
50
1
6
33
23
12
16
10
10
17
4
16
11
67
1
36
22
52
39
14
31
23
38
20
55
17
20
22
16
5
3
96
33
16
17
48
89
60
28
61
53
49
32
86
63
62
93
98
3
223
18
268
10
30
20
41
7
19
20
2
14
98
33
21
85
81
57
5
35
49
8
17
33
14
4
11
468
11
42
64
70
85
260
12
4
3
1
11
4
1
39
12
38
26
9
47
1
19
43
5
21
1
8
33
23
5
55
53
8
9
1
23
12
7
6
17
40
6
98
50
82
1
17
6
9
62
19
16
32
5
186
2
260
6
232
9
1
179
23
25
77
1
21
53
43
59
27
4
61
11
22
79
66
51
35
58
8
36
265
29
25
46
7
11
35
18
15
42
6
15
26
2
21
3
7
15
20
17
10
7
16
12
34
10
1
5
3
30
39
14
13
27
12
29
2
39
65
14
1
20
8
8
4
17
10
62
14
20
1
13
5
32
6
4
6
9
5
18
16
26
3
10
4
10
26
3
45
4
22
26
16
24
1
19
16
1
78
22
99
2
13
11
7
7
2
8
6
82
22
19
19
56
19
24
29
21
6
2
107
19
28
115
5
49
126
18
17
9
17
39
110
4
31
2
12
138
39
17
41
77
16
29
36
5
27
64
72
13
8
27
9
15
9
1
2
31
66
24
57
22
81
26
4
26
19
31
37
84
98
8
5
20
22
7
28
26
15
3
20
153
3
338
368
64
128
18
84
152
13
118
11
94
4
18
12
14
120
25
47
55
64
35
8
60
68
42
16
24
201
507
292
68
20
33
157
174
18
235
116
99
80
420
580
8
22
57
40
40
45
89
16
16
26
3
22
56
44
61
108
89
73
72
67
46
16
498
486
376
624
201
799
16
414
81
263
148
78
121
46
36
7
76
11
84
153
59
14
108
105
1
52
72
29
26
5
52
111
34
63
56
33
116
38
19
7
16
39
60
17
13
17
42
13
46
14
43
88
5
53
80
35
84
15
20
3
60
56
40
18
32
16
27
161
18
71
20
74
69
17
50
8
26
5
33
54
21
8
20
29
101
5
7
38
20
67
19
5
28
8
56
26
81
2
19
52
22
20
101
135
8
10
32
8
13
6
25
9
8
15
7
51
14
34
1
54
21
10
4
3
5
2
11
5
15
70
8
84
63
9
16
21
68
24
3
3
45
6
3
6
29
51
16
26
28
29
39
152
1
137
8
286
38
8
31
38
115
8
44
70
64
63
1
14
40
37
30
59
7
5
28
84
17
25
9
5
17
57
38
7
132
79
13
50
30
44
109
231
5
29
118
536
70
11
12
5
28
49
1
3
12
63
1
10
72
22
7
10
45
46
5
22
17
21
4
34
1
34
5
58
8
7
32
18
12
7
12
33
3
3
16
11
64
1
23
12
9
43
10
24
65
101
52
18
29
39
301
101
184
44
72
59
4
23
20
45
19
14
72
35
9
40
4
7
63
194
36
20
58
26
95
127
89
1
48
42
4
10
25
3
2
1
10
9
20
4
18
11
3
9
5
23
39
23
3
9
4
15
5
8
4
12
3
16
2
44
24
19
2
22
37
44
5
38
5
74
4
54
22
3
17
9
12
20
2
14
41
5
18
4
7
4
17
17
8
17
13
17
4
55
3
34
2
21
34
23
69
27
42
145
5
14
25
19
7
17
27
33
27
51
9
57
15
3
15
68
17
14
5
70
8
1
4
21
15
38
85
3
10
4
13
71
35
125
4
1
12
73
30
23
68
57
72
64
43
127
1
5
13
1
2
32
6
10
74
34
45
43
45
33
60
28
77
21
2
8
59
22
3
41
7
16
46
18
18
60
29
23
12
36
16
60
18
333
109
167
329
44
83
20
6
3
10
23
35
75
13
107
165
27
45
28
30
3
108
106
49
48
16
44
146
810
46
77
13
15
20
151
171
36
285
186
501
499
17
7
180
71
22
135
52
3
25
32
68
104
16
84
29
38
2
15
17
78
5
644
123
233
490
510
970
30
420
117
24
48
219
172
208
54
19
51
5
41
39
7
65
54
13
164
41
48
9
100
82
200
1
6
122
13
168
23
1
11
61
20
33
1
36
90
1
16
7
27
10
23
25
19
67
19
28
13
1
76
34
3
25
29
141
1
28
30
23
10
28
40
54
47
158
25
53
144
9
16
25
8
40
14
69
10
62
18
17
1
48
49
4
97
34
11
50
41
46
25
35
23
44
28
20
109
4
52
72
16
28
27
22
19
28
6
16
41
4
11
13
37
25
11
56
37
21
9
15
30
3
3
13
18
46
63
1
7
9
26
4
2
26
1
49
49
26
15
45
3
24
11
12
3
263
95
141
16
63
5
13
93
155
7
34
77
35
60
28
53
4
24
34
36
67
37
95
7
51
14
8
57
31
64
32
83
15
6
22
58
51
24
39
254
71
201
111
265
63
35
21
26
35
4
9
1
47
5
9
22
2
45
33
13
45
24
18
3
24
8
6
7
31
23
1
19
5
34
11
29
5
17
25
15
1
73
2
35
17
11
20
109
5
10
52
16
27
15
111
354
41
45
38
87
180
7
19
103
168
26
38
18
133
27
15
5
20
21
4
18
65
18
53
137
39
48
9
6
132
29
7
27
9
11
16
9
30
2
15
6
15
41
11
17
12
4
7
24
44
9
6
17
24
22
35
6
9
4
22
11
2
3
8
36
12
8
8
13
20
12
10
54
7
5
6
11
6
12
19
1
14
14
3
27
37
16
30
6
11
82
4
2
55
15
107
3
29
41
18
10
27
9
20
12
27
41
44
10
43
39
65
20
35
10
7
22
25
77
30
19
2
10
35
34
6
6
3
2
42
19
14
15
32
67
14
34
5
10
21
34
99
29
122
31
19
2
12
40
32
16
134
102
27
70
15
10
77
1
1
8
25
24
35
84
89
79
86
2
25
10
21
43
3
33
45
9
19
84
10
7
13
7
38
43
8
26
11
9
114
122
525
3
130
106
47
1
200
21
14
21
40
6
15
27
20
116
15
22
84
15
44
23
72
156
41
277
574
149
48
247
27
80
53
111
117
46
62
209
2
998
65
31
19
61
22
56
118
163
17
36
20
33
19
18
46
49
55
12
40
2
118
298
544
158
874
126
4
996
112
393
67
30
164
234
5
22
32
74
81
12
102
32
10
11
97
44
14
129
271
50
14
4
44
47
4
11
9
59
21
28
149
97
61
16
54
16
47
46
7
6
6
7
77
36
112
36
57
30
89
22
107
13
31
6
2
22
25
232
39
3
44
5
43
32
21
7
58
56
56
22
52
60
62
33
101
4
15
19
26
93
28
13
1
57
11
21
37
8
30
2
41
7
42
58
8
44
38
67
80
22
66
33
65
4
3
11
24
30
40
2
1
32
42
34
24
38
7
12
4
14
11
3
5
1
97
2
10
3
15
18
21
61
11
7
19
26
27
22
8
36
1
4
4
39
1
97
102
78
16
23
96
51
120
93
12
140
132
3
101
20
20
4
37
19
22
62
10
7
31
88
60
1
29
190
76
67
11
44
8
57
26
2
5
132
294
39
71
7
451
6
4
73
22
49
19
11
30
23
1
18
18
9
2
27
14
29
16
45
13
17
3
1
12
1
1
6
38
47
61
32
11
25
20
12
8
57
19
14
22
33
105
12
7
2
4
5
2
38
134
131
103
39
27
97
60
101
213
57
20
9
67
64
26
104
209
8
10
100
2
2
8
84
18
83
99
30
6
21
30
82
9
26
2
3
63
5
54
5
3
14
7
24
8
11
7
19
9
5
23
24
16
6
10
2
15
7
41
31
9
3
8
22
14
2
2
10
1
4
23
9
12
10
52
13
17
4
6
33
48
18
5
6
32
13
7
4
21
3
24
16
7
11
19
71
19
13
9
13
36
44
27
57
14
26
13
50
13
9
88
56
33
10
3
12
4
51
17
7
9
18
6
13
4
59
25
107
6
35
4
57
14
46
18
14
3
42
328
33
6
54
5
19
7
69
13
5
15
124
13
5
22
38
20
30
31
10
39
85
64
81
15
120
27
15
39
12
3
22
53
14
1
40
17
23
5
35
3
3
1
12
51
39
31
27
8
29
8
37
315
388
4
45
135
113
165
50
71
13
2
27
31
7
16
15
29
1
49
1
17
37
142
107
130
6
84
75
854
71
162
127
6
7
140
157
167
101
107
26
845
155
22
39
58
41
114
47
37
22
204
51
27
56
28
46
15
60
34
14
43
5
37
72
127
801
47
953
328
672
365
326
218
7
63
21
26
7
13
150
86
65
4
61
78
125
92
14
46
72
119
26
16
81
58
9
15
7
55
40
120
92
4
49
6
26
15
74
12
55
65
7
28
38
91
27
2
24
65
55
1
60
31
43
76
16
14
6
3
139
33
119
4
92
16
18
13
8
1
140
47
39
63
36
11
76
74
60
18
57
12
4
12
1
69
17
40
18
21
83
13
4
104
2
7
88
27
30
7
7
24
6
6
91
11
12
51
88
3
10
32
26
4
26
15
5
1
16
3
30
12
5
26
5
16
4
25
41
15
28
28
1
22
31
9
4
3
1
78
4
27
24
21
70
40
263
150
57
71
38
58
29
14
24
96
36
100
47
17
18
64
31
57
1
5
39
34
104
12
25
8
2
35
5
40
14
41
61
3
87
55
5
19
21
214
172
60
28
277
6
420
37
16
1
28
4
21
38
1
45
2
9
78
67
35
16
2
23
35
60
32
8
9
14
2
1
13
12
18
11
39
3
4
5
8
1
2
9
10
33
30
20
46
37
55
59
13
14
11
72
118
117
194
59
26
65
65
49
141
94
64
44
4
62
60
68
102
18
3
1
43
125
6
161
52
28
40
23
23
55
18
18
5
56
29
57
20
17
45
10
5
29
10
11
1
51
10
5
23
8
20
23
3
24
32
4
11
14
8
21
22
9
4
2
11
13
4
19
11
1
27
32
2
31
7
9
55
9
3
8
13
10
3
8
4
15
15
33
4
2
23
2
15
4
26
26
20
26
53
9
31
22
10
43
7
43
9
11
47
20
18
23
7
30
12
3
45
9
37
33
7
12
34
11
54
4
6
27
141
28
56
32
1
10
21
34
95
32
4
113
17
19
68
27
56
29
32
37
33
63
46
125
13
40
30
23
19
3
79
1
13
40
4
27
19
7
44
7
14
11
49
39
7
5
10
38
32
29
1
8
33
22
2
38
34
94
22
33
23
193
249
36
29
243
173
270
11
2
45
91
2
31
54
24
42
67
50
51
8
57
149
14
14
19
47
146
76
746
69
185
8
92
163
107
154
324
23
13
106
10
606
394
49
84
27
48
37
55
78
34
56
18
188
2
75
12
88
4
2
8
75
19
41
83
9
908
768
232
867
133
58
42
42
347
211
300
152
82
177
55
10
13
17
12
123
46
5
20
120
4
103
4
57
1
42
15
69
49
7
27
12
58
93
5
6
100
188
18
40
1
30
74
36
13
28
7
20
61
11
22
25
105
6
7
86
28
48
6
11
211
11
54
49
29
22
13
8
100
114
6
28
45
16
11
4
120
20
8
69
15
47
51
25
10
26
25
95
1
8
10
87
104
12
62
8
16
68
17
5
15
15
15
7
53
4
11
31
18
3
49
30
1
9
22
9
34
14
15
31
17
10
11
6
48
7
33
18
2
6
16
81
6
13
34
37
40
21
60
28
42
23
9
16
6
39
70
203
13
28
15
140
51
49
62
21
178
37
127
6
4
35
136
87
3
11
3
28
2
4
64
19
35
45
55
119
8
4
31
3
5
64
82
27
19
107
50
7
255
54
25
487
122
1
9
69
24
2
9
35
46
32
9
7
17
2
37
1
14
39
18
65
69
17
10
1
33
19
16
1
9
4
19
5
8
13
8
30
1
14
7
67
50
11
18
8
30
3
83
10
28
83
37
32
218
30
187
96
89
61
139
58
59
163
58
37
26
40
181
12
14
82
28
14
10
1
30
11
60
22
51
43
15
4
7
26
6
62
16
1
3
4
26
13
37
20
42
7
38
4
18
9
30
45
3
4
5
22
70
31
5
67
7
1
1
17
18
4
5
31
41
3
7
2
5
2
15
1
20
22
19
8
4
11
2
10
15
1
31
18
8
15
4
8
4
40
2
16
49
33
39
13
19
1
12
26
38
5
30
2
10
79
20
7
1
76
72
10
77
28
38
12
21
44
17
58
16
17
41
18
6
7
9
14
141
78
57
25
6
42
48
33
30
32
25
9
19
28
24
18
14
40
15
132
3
15
143
5
24
4
12
17
31
45
12
42
42
7
31
69
40
35
81
10
42
16
10
61
3
1
25
4
4
43
13
6
79
57
87
15
27
281
10
166
216
284
43
66
34
30
43
46
87
68
53
33
1
172
34
22
47
2
139
14
22
62
15
10
732
63
205
355
35
76
48
158
153
59
59
5
52
992
8
59
56
11
25
189
85
89
2
24
81
49
4
15
19
36
34
9
62
50
75
26
654
101
245
814
186
894
106
97
113
388
28
209
165
97
20
113
106
116
28
28
65
15
50
6
2
149
73
19
17
96
5
73
23
4
84
3
28
45
3
48
15
4
185
21
43
29
49
12
69
17
75
36
38
89
2
3
2
1
7
50
26
8
52
38
30
18
62
57
268
6
4
63
108
67
57
46
24
3
44
2
10
137
9
43
10
10
33
56
39
36
115
6
2
4
118
80
7
8
46
21
42
24
1
1
31
6
59
31
8
19
10
37
13
5
8
24
35
10
64
21
22
73
49
63
2
35
66
5
6
13
14
16
23
28
6
5
16
52
35
5
30
17
9
12
7
10
2
10
15
8
1
60
296
10
11
81
51
90
6
37
203
13
8
49
82
63
135
25
1
87
15
72
13
1
8
75
55
22
7
21
5
27
25
24
22
53
10
139
17
22
21
98
91
80
200
242
49
7
331
5
21
24
2
11
22
2
8
34
14
4
15
45
13
8
49
16
10
1
7
1
82
19
62
12
31
21
41
13
27
24
6
7
29
20
2
47
5
107
9
2
23
17
23
6
45
8
265
126
138
162
55
5
10
19
13
60
147
57
2
43
53
41
52
90
15
4
52
3
16
49
85
249
37
30
29
20
3
70
3
1
13
1
21
48
9
40
9
19
10
33
46
14
6
31
6
12
35
61
3
1
3
4
2
7
1
32
7
5
7
4
4
9
6
13
20
20
7
19
9
13
13
16
2
2
14
7
21
30
21
9
46
16
31
35
17
39
15
7
8
23
14
26
9
11
12
11
22
93
6
88
62
21
5
27
6
1
8
33
31
7
18
13
15
13
32
10
59
18
33
103
10
16
26
2
20
7
39
87
25
15
12
19
12
124
8
5
35
10
100
67
61
74
75
2
6
150
49
25
15
3
28
57
23
10
90
53
2
9
34
21
32
42
29
21
3
5
98
3
2
1
19
37
65
3
14
12
63
28
24
113
11
10
68
32
3
3
40
343
39
206
55
196
161
80
127
14
2
77
70
47
8
2
23
48
104
27
34
18
175
54
31
11
29
19
754
38
208
25
5
11
43
189
72
184
18
432
21
669
331
58
64
1
4
33
4
11
115
16
129
10
71
59
128
108
24
3
23
53
63
23
811
136
53
493
507
327
673
115
5
498
173
24
185
28
29
39
4
36
49
9
61
264
13
143
230
36
16
27
14
2
