986
133 338 475 0
263 313 19 379 0
434 352 174 26 0
255 327 217 179 0
71 248 36 79 156 389 0
164 346 331 143 0
398 468 119 0
218 396 149 221 0
264 375 323 0
170 299 207 306 0
83 88 251 148 182 12 210 0
164 309 3 51 454 0
184 500 33 260 0
399 148 420 0
285 456 91 140 0
369 112 495 0
466 20 499 0
400 87 484 0
193 57 426 298 0
279 97 74 195 333 0
15 149 349 314 29 92 28 0
29 139 246 418 145 0
345 192 449 0
96 91 219 416 154 0
199 290 346 126 0
471 473 0
305 215 47 45 368 0
13 245 409 15 2 295 0
287 106 298 28 262 0
75 46 392 467 0
200 329 455 0
279 117 212 361 0
268 206 128 374 0
269 398 319 0
443 49 494 0
434 275 265 0
275 295 410 0
225 190 119 441 0
98 448 390 49 0
398 368 91 129 0
151 364 460 0
120 283 195 349 0
452 420 113 0
142 151 215 453 16 0
73 422 490 0
298 257 424 0
82 262 143 143 303 50 0
404 61 452 60 0
89 43 418 424 7 0
224 297 464 0