11001
337 505 605 255 554 984 117 508 786 660 825 505 419 979 843 424 887 802 0
335 505 111 741 785 31 2129 946 167 145 705 90 243 125 895 172 783 260 363 67 813 381 127 81 0
246 992 55 806 950 782 103 316 71 722 637 325 115 228 318 692 307 791 519 313 792 915 0
285 1819 440 751 191 495 955 875 851 564 532 911 788 564 976 0
731 327 705 723 847 503 173 755 521 103 645 534 881 531 908 18 1918 178 0
114 205 613 828 314 400 11 946 118 892 694 852 764 711 145 931 532 91 537 861 302 140 0
290 905 765 819 340 675 415 560 798 759 55 613 641 550 170 354 410 949 933 0
1827 542 669 2848 858 705 795 1375 157 692 384 149 0
385 848 260 308 2650 555 888 895 454 925 903 106 781 275 767 0
160 55 69 43 709 499 65 278 774 551 368 989 115 241 266 275 470 483 416 970 66 76 144 109 71 587 349 477 71 105 290 271 180 406 1 0