3466
157 462 743 18 204 478 450 945 0
357 941 94 359 555 15 44 373 686 0
74 373 762 838 842 280 260 0
100 417 8 23 527 283 981 557 368 198 0
751 372 150 241 899 1 670 380 0
420 933 779 502 822 0
478 873 547 606 25 431 494 0
214 419 211 508 833 10 405 6 858 0
454 917 6 374 621 17 18 2 2 509 543 0
867 563 820 576 614 23 0
871 144 618 982 484 366 0
246 37 428 16 597 718 568 303 480 7 60 0
128 901 895 576 961 0
571 681 784 456 11 45 907 0
590 403 311 58 159 1 386 316 99 846 276 16 0
744 777 185 836 833 91 0
813 60 971 98 14 500 16 943 45 0
499 439 16 878 133 478 461 225 334 0
1000 976 200 923 364 0
794 820 923 915 0
980 532 41 657 39 467 749 0
6 908 168 271 300 367 781 82 581 0
625 461 874 14 41 419 3 96 1 932 0
701 193 272 11 140 171 490 832 646 0
686 92 781 29 90 279 880 592 28 0