9797
35 93 412 237 801 297 509 1 818 61 19 390 453 690 378 769 13 304 134 753 699 124 989 413 272 0
713 324 336 959 689 691 139 798 198 838 516 360 385 977 318 752 797 0
261 985 355 693 256 987 323 66 33 516 109 230 644 157 236 922 66 434 531 894 710 42 320 0
330 846 763 358 110 386 568 730 24 530 517 88 413 672 561 102 938 34 787 481 490 0
743 763 63 162 778 131 76 70 70 656 42 752 99 163 899 873 185 971 990 626 677 0
637 599 122 74 90 120 559 130 320 773 861 821 350 578 698 857 676 508 73 891 0
974 246 784 989 979 369 204 809 977 971 533 420 606 88 827 0
630 30 360 75 793 941 188 138 440 358 606 914 882 522 624 833 87 407 544 401 0
766 787 79 944 711 894 617 922 656 466 905 42 995 302 22 620 0
838 459 290 432 193 799 105 546 299 632 97 468 359 239 915 908 185 735 389 67 838 0
353 271 749 920 568 907 245 617 752 985 723 457 263 123 184 654 167 133 450 196 0
470 190 705 914 883 677 394 691 333 369 121 460 799 355 251 620 40 311 189 981 0
159 44 168 342 111 151 919 216 407 849 178 606 167 225 817 466 621 513 640 44 478 552 506 79 508 0
821 207 342 859 987 251 555 224 723 980 390 802 974 172 2 297 589 601 0
665 805 42 224 523 392 879 72 86 128 327 590 22 398 992 476 123 776 801 184 927 349 0
873 966 433 13 184 680 232 584 388 224 909 411 671 868 976 521 158 507 88 0
971 12 252 316 196 47 398 196 777 666 491 483 438 407 857 329 517 813 889 703 0
322 588 943 74 401 16 246 168 887 219 383 100 884 275 561 23 765 980 427 948 549 0
671 825 185 409 920 221 969 187 791 229 432 523 696 4 185 615 57 405 367 633 453 0
421 10 191 430 394 891 753 833 680 883 642 157 15 337 384 394 983 913 233 253 0
726 26 96 588 592 835 247 492 376 481 268 656 778 719 345 796 769 984 0
230 83 848 815 253 749 795 769 367 726 986 163 401 343 907 242 244 855 0
612 991 882 123 974 158 115 324 308 973 609 915 63 262 200 411 969 422 452 0
431 527 343 388 575 844 959 513 792 203 973 832 377 253 17 769 894 0
820 865 779 526 969 886 865 471 160 5 301 962 169 430 638 948 0
787 438 732 149 996 355 432 893 976 59 603 57 7 757 380 661 942 281 28 218 0
455 276 616 153 904 450 650 933 752 988 431 362 287 107 299 487 396 368 342 524 0
69 599 913 595 731 404 738 79 47 783 249 443 136 403 904 64 666 246 151 547 325 502 189 0
250 704 344 461 660 487 673 25 575 207 374 919 774 386 28 37 934 265 42 753 154 391 338 0
168 939 728 335 164 685 966 517 328 238 652 196 473 256 184 522 965 964 451 0
146 423 250 947 132 495 770 646 981 483 650 313 587 410 777 159 777 172 647 0
388 473 528 943 175 660 327 942 345 137 17 277 523 299 697 206 527 910 862 416 114 0
526 71 441 585 100 211 364 988 836 541 220 470 506 91 323 480 799 328 20 660 296 311 601 0
463 270 563 336 42 618 87 632 640 108 846 105 876 954 980 990 326 916 0
490 608 534 890 647 277 705 681 89 76 147 547 961 969 217 50 129 652 796 305 0
779 174 545 123 657 47 993 297 624 65 526 323 506 123 112 564 824 448 499 204 417 224 697 0
804 287 553 872 245 332 802 618 167 409 937 71 927 419 745 575 270 693 0
91 753 314 991 701 978 454 234 503 116 887 61 817 356 71 454 112 68 211 971 437 72 143 0
368 970 55 497 409 483 668 437 104 614 663 582 981 119 256 29 470 792 186 458 349 90 194 0
874 32 558 683 151 774 599 212 856 562 940 608 81 670 231 201 17 721 189 792 0
1000 712 723 818 346 373 762 891 936 413 241 345 925 764 545 0
444 68 499 501 38 612 351 195 548 627 720 469 85 821 986 736 509 14 860 679 0
870 329 868 318 233 670 964 76 421 174 965 884 279 705 273 950 295 504 0
443 406 132 486 830 407 952 226 762 435 927 916 71 966 21 588 994 198 0
448 464 127 137 248 638 560 732 929 438 8 142 461 704 944 902 955 868 86 0
713 530 40 265 117 945 375 918 814 459 237 794 603 554 987 729 234 424 0
800 498 230 406 418 523 547 315 988 615 209 115 883 552 508 694 263 81 885 255 0
60 398 380 733 92 949 330 544 353 635 992 915 181 397 164 589 801 170 459 344 308 0
175 991 359 222 318 135 991 852 126 636 81 875 13 808 852 165 574 464 259 417 321 162 0
810 404 50 361 738 702 327 215 562 930 466 777 54 115 202 451 881 243 123 128 445 458 286 0